UMXX33 KWBC 130300
UUAA VLMJ_YMC 63031 99338 31547 42834
99014 16858 24048 00124 16457 24027 92781 10016 24027
85478 05024 24025 70042 01570 25530 50566 15964 26544
40730 29764 26561 30928 46164 27064 25047 50767 26569
20191 52177 27059 15376 53179 26051 10637 56778 29538
88214 54372 28065 88102 57377 29536
77258 27070 40611 77147 26060 41637
31313 44108 80231 9////=








NNNN
UMXX33 KWBC 130300
UUBB VLMJ_YMC 63038 99338 31547 42834
00014 17058 11013 18257 22889 06608 33836 04020 44777
00443 55773 00056 66758 01284 77751 01682 88704 01369
99585 06990 11571 08167 22486 17962 33464 20166 44344
38964 55318 42967 66286 48961 77281 49756 88272 50957
99266 51562 11264 50171 22245 49773 33240 49774 44214
54372 55204 51378 66170 55576 77144 50182 88117 52380
99102 57377 11100 56778
21212 00014 24048 11013 24013 22013 24010 33999 24027
44848 24025 55743 24531 66672 26534 77608 24037 88587
26041 99347 26565 11258 27070 22209 28067 33191 27047
44171 27064 55154 25540 66147 26060 77143 25046 88130
27522 99127 28025 11122 26528 22117 26520 33113 28520
44100 29538
31313 44108 80231 9////
41414 /////=








NNNN
UMXX33 KWBC 130300
UUCC VLMJ_YMC 63033 99338 31547 42834
70863 57378 27012 50076 55979 03010 30402 54181 09031
20664 /////
88999
77999
31313 44108 80231 9////=








NNNN
UMXX33 KWBC 130300
UUDD VLMJ_YMC 6303/ 99338 31547 42834
11926 55379 22819 58977 33249 52782
21212 11873 25522 22794 25012 33765 28510 44710 28010
55688 26012 66682 25010 77651 18502 88599 06510 99578
04018 11557 06016 22538 04012 33519 07510 44499 03010
55486 05006 66474 08510 77456 10013 88361 07025 99321
09029 11257 07043 22249 07538
31313 44108 80231 9////=








NNNN
