UMXX33 KWBC 120600
UUAA VLMJ_YMC 62061 99332 31530 42833
99011 21837 02554 00096 21034 02028 92773 21073 00509
85496 15665 31523 70108 05887 30521 50575 14775 29539
40740 27374 29544 30941 43361 29049 25061 52170 28549
20204 55374 25563 15388 53978 28068 10644 57577 27024
88186 58571 27552
77207 25577 43622
31313 44108 80536 9////=








NNNN
UMXX33 KWBC 120600
UUBB VLMJ_YMC 62068 99332 31530 42833
00011 21837 11981 19631 22977 21464 33968 23472 44947
22475 55764 08062 66739 06869 77729 08487 88575 06984
99459 18380 11365 32774 22315 40758 33297 43562 44269
49535 55266 49965 66252 52567 77202 54773 88186 58571
99161 52579 11105 59175 22100 57577
21212 00011 02554 11010 02018 22009 02015 33987 02031
44943 01515 55914 34508 66899 33510 77831 30025 88761
30535 99691 31020 11631 29526 22475 29546 33419 30043
44310 28553 55274 29548 66253 28548 77207 25577 88188
27050 99185 27554 11178 26558 22167 28056 33145 27069
44134 26059 55127 27548 66109 26032 77100 27025
31313 44108 80536 9////
41414 /////=








NNNN
UMXX33 KWBC 120600
UUCC VLMJ_YMC 62062 99332 31530 42833
70868 58777 30014 50079 57978 08524 30407 51981 10034
20668 53181 09046
88856 61775 30034
77999
31313 44108 80536 9////=








NNNN
UMXX33 KWBC 120600
UUDD VLMJ_YMC 6206/ 99332 31530 42833
11856 61775 22774 56778 33661 59177 44292 51582 55186
52981
21212 11953 30515 22869 30531 33846 29035 44781 25020
55747 27514 66724 29515 77701 30014 88653 24015 99629
16513 11601 10513 22587 08510 33571 08507 44549 09515
55492 08026 66439 07025 77401 09026 88367 07529 99328
10031 11273 08534 22229 09533 33196 08048 44186 08047
31313 44108 80536 9////=








NNNN
