UMXX33 KWBC 132100
UUAA VLMJ_YMC 63211 99338 31543 42834
99017 19859 29520 00146 18259 30020 92808 12250 30020
85510 06436 31021 70077 02556 25018 50569 15356 23535
40734 27560 22539 30934 43958 22540 25053 53956 23543
20194 57367 24052 15378 53580 27528 10636 56779 26540
88216 60747 23544
77999
31313 44108 82054 9////=








NNNN
UMXX33 KWBC 132100
UUBB VLMJ_YMC 63218 99338 31543 42834
00017 20059 11850 06436 22778 02047 33765 01456 44753
01462 55678 03936 66669 04347 77636 03760 88544 12337
99477 17559 11409 26162 22334 38156 33310 41760 44277
48750 55248 54358 66216 60747 77210 58564 88203 57566
99187 54575 11166 54378 22/// 567//
21212 00017 29520 11014 29509 22001 30020 33845 31019
44784 26019 55723 26014 66655 23534 77627 24529 88601
23526 99453 24033 11386 22040 22235 22545 33220 23548
44210 25038 55200 24052 66188 25033 77178 26546 88172
25040 99161 26543 11155 25531 22152 26526 33149 27531
44136 28043 55127 27534 66108 26546 77100 26540
31313 44108 82054 9////
41414 /////=








NNNN
UMXX33 KWBC 132100
UUCC VLMJ_YMC 63212 99338 31543 42834
70862 56979 30507 50075 55981 05508 30402 53982 09037
20663 52783 08537
88999
77999
31313 44108 82054 9////=








NNNN
UMXX33 KWBC 132100
UUDD VLMJ_YMC 6321/ 99338 31543 42834
11859 54781 22773 59178 33723 55781 44600 58579 55432
53782 66192 52383
21212 11969 26045 22897 24032 33847 23513 44816 29003
55780 31510 66741 25517 77731 24514 88720 25510 99624
20002 11585 05010 22572 05015 33547 03012 44525 06010
55513 04012 66495 06010 77430 09013 88415 07014 99408
08011 11398 07513 22389 09514 33377 08018 44365 11521
55345 09526 66305 09533 77292 08038 88286 07534 99236
07025 11192 08534
31313 44108 82054 9////=








NNNN
