UMXX33 KWBC 131600
UUAA VLMJ_YMC 63161 99338 31539 42833
99017 18258 31510 00151 17258 30508 92809 11035 29511
85507 05013 27021 70071 02359 24023 50567 16362 23037
40731 28957 21539 30931 43961 20546 25050 53957 21043
20192 54973 25546 15378 53379 26041 10636 56778 28037
88225 57960 23039
77185 25060 42622
31313 44108 81536 9////=








NNNN
UMXX33 KWBC 131600
UUBB VLMJ_YMC 63168 99338 31539 42833
00017 18258 11797 01200 22789 03447 33734 01329 44704
02160 55633 07150 66620 07557 77536 12766 88454 21557
99387 30759 11339 36767 22246 54756 33225 57960 44212
54372 55188 53776 66172 51779 77116 57577 88100 56778
21212 00017 31510 11952 31010 22895 27514 33818 27024
44736 28517 55710 24522 66666 23024 77624 25033 88565
23540 99528 23531 11389 21043 22286 21052 33236 22038
44219 24533 55211 25537 66185 25060 77178 24049 88172
25035 99166 26539 11161 26041 22144 27537 33135 26032
44132 27527 55108 27049 66100 28037
31313 44108 81536 9////
41414 /////=








NNNN
UMXX33 KWBC 131600
UUCC VLMJ_YMC 63162 99338 31539 42833
70861 56379 28007 50075 56180 08013 30400 53582 09528
20662 51983 09038
88999
77999
31313 44108 81536 9////=








NNNN
UMXX33 KWBC 131600
UUDD VLMJ_YMC 6316/ 99338 31539 42833
11941 55379 22770 58978 33715 56180 44596 57779 55162
51383 66158 51983
21212 11962 26541 22810 24011 33767 28017 44739 26524
55694 28506 66649 29010 77583 17510 88551 11012 99536
08510 11523 10503 22512 10510 33498 07512 44475 07510
55461 11010 66443 09016 77430 11013 88365 08027 99358
07024 11348 07514 22343 09012 33340 09514 44319 08524
55271 10035 66236 07544 77211 09535 88170 09030 99158
09533
31313 44108 81536 9////=








NNNN
