UMXX33 KWBC 130800
UUAA VLMJ_YMC 63081 99335 31543 42834
99014 17658 24548 00128 17058 24014 92783 10428 23019
85480 05639 22521 70045 00361 25529 50566 16767 26537
40729 30162 27049 30926 44966 28065 25046 50969 27558
20190 52177 26548 15376 53978 27039 10636 55778 29537
88227 53369 27557
77291 28072 41914
31313 44108 80820 9////=








NNNN
UMXX33 KWBC 130800
UUBB VLMJ_YMC 63088 99335 31543 42834
00014 17658 11874 06412 22843 05856 33797 01656 44784
00859 55746 00889 66742 01280 77718 00159 88704 00188
99700 00361 11693 00957 22583 08761 33498 16967 44363
36359 55346 38564 66324 42761 77301 44967 88265 50564
99237 52568 11227 53369 22211 51577 33100 55778
21212 00014 24548 11013 25504 22950 23020 33864 21519
44838 23022 55746 22036 66698 26028 77475 26034 88291
28072 99219 28058 11192 27545 22172 25558 33158 25544
44152 27037 55138 25053 66131 24534 77126 26526 88122
27033 99116 26034 11100 29537
31313 44108 80820 9////
41414 /////=








NNNN
UMXX33 KWBC 130800
UUCC VLMJ_YMC 63083 99335 31543 42834
70862 56779 17001 50074 56180 13011 30403 53181 07530
20665 /////
88999
77999
31313 44108 80820 9////=








NNNN
UMXX33 KWBC 130800
UUDD VLMJ_YMC 6308/ 99335 31543 42834
11771 58578 22719 55380 33576 58178 44343 52182 55245
52582
21212 11904 25527 22868 25019 33840 26516 44814 24015
55794 25012 66787 26011 77780 28013 88750 28018 99737
27510 11724 21001 22554 01001 33530 09010 44520 07012
55515 07010 66501 12510 77469 08521 88460 07021 99437
09018 11426 07518 22396 09020 33386 08019 44375 10023
55353 08524 66339 10528 77329 09532 88299 07529 99288
10023 11281 10022 22268 10526 33259 08525 44245 10532
31313 44108 80820 9////=








NNNN
