UMXX33 KWBC 140400
UUAA VLMJ_YMC 64041 99340 31543 42844
99013 19858 29043 00114 18458 29522 92774 12024 30524
85479 10665 28523 70070 00460 25530 50569 15566 25538
40734 27750 25540 30934 43361 26043 25054 53360 26042
20194 61756 24549 15376 54178 25042 10633 56578 25540
88215 61356 24553 88130 58776 28047
77999
31313 44108 80402 9////=








NNNN
UMXX33 KWBC 140400
UUBB VLMJ_YMC 64048 99340 31543 42844
00013 19858 11912 10821 22906 12060 33849 10665 44795
08062 55701 00460 66680 00172 77612 06559 88607 07159
99591 07568 11588 07759 22569 09564 33555 10559 44513
14761 55493 16172 66481 17170 77473 17959 88469 18161
99441 21958 11395 28547 22379 29959 33357 33557 44327
38558 55320 39362 66255 52361 77227 58950 88215 61356
99199 61956 11195 60764 22183 59371 33158 54378 44157
53978 55130 58776 66100 56578
21212 00013 29043 11011 30010 22001 29521 33910 30527
44861 28024 55796 27526 66766 24523 77719 26526 88589
24540 99381 25547 11345 26544 22267 26037 33214 24554
44203 24050 55192 26548 66179 25543 77164 26558 88150
25041 99138 28034 11135 28537 22125 27553 33117 26548
44112 27546 55103 25042 66100 25540
31313 44108 80402 9////
41414 /////=








NNNN
UMXX33 KWBC 140400
UUCC VLMJ_YMC 64042 99340 31543 42844
70859 56779 28015 50072 55780 13007 30399 53981 07022
20660 52782 09039
88999
77999
31313 44108 80402 9////=








NNNN
UMXX33 KWBC 140400
UUDD VLMJ_YMC 6404/ 99340 31543 42844
11848 55580 22777 59177 33717 56179 44663 58378 55609
55380 66213 53781 77160 50783
21212 11953 26030 22920 24022 33876 25512 44870 26511
55834 30517 66811 32025 77767 30538 88672 27020 99646
24510 11631 23002 22579 32010 33574 31010 44520 31002
55481 14010 66463 10512 77433 10512 88417 08515 99394
09517 11379 07522 22367 08024 33343 06523 44313 07518
55289 06517 66245 10527 77165 08542 88160 08537
31313 44108 80402 9////=








NNNN
