UMXX33 KWBC 121100
UUAA VLMJ_YMC 62111 99332 31530 42833
99011 21837 02555 00104 21021 01537 92780 22867 34535
85509 17467 33033 70123 02856 30041 50575 16365 30545
40739 28567 30050 30938 43771 28553 25059 49372 28570
20203 55372 27567 15388 54578 26543 10645 56778 29546
88193 56571 27064
77235 28086 43319
31313 44108 81106 9////=








NNNN
UMXX33 KWBC 121100
UUBB VLMJ_YMC 62118 99332 31530 42833
00011 21837 11972 19014 22966 19234 33957 23465 44909
22269 55670 00337 66649 02335 77612 05556 88601 05961
99588 06378 11584 06578 22515 14575 33480 18960 44455
21358 55427 24570 66395 29168 77374 32758 88349 36362
99337 38160 11326 39571 22314 41762 33277 46772 44261
48969 55193 56571 66181 51778 77163 55376 88142 53578
99103 59775 11100 56978
21212 00011 02555 11002 01536 22963 00550 33914 34032
44891 33034 55840 33032 66638 29553 77609 28547 88574
30541 99340 30048 11305 28554 22267 29055 33235 28086
44170 27057 55159 25546 66134 26028 77127 27519 88104
30543 99100 29546
31313 44108 81106 9////
41414 /////=








NNNN
UMXX33 KWBC 121100
UUCC VLMJ_YMC 62112 99332 31530 42833
70870 58577 29503 50083 55979 08511 30409 53580 08537
20671 51182 08537 10124 /////
88805 59776 24507
77999
31313 44108 81106 9////=








NNNN
UMXX33 KWBC 121100
UUDD VLMJ_YMC 6211/ 99332 31530 42833
11912 54579 22805 59776 33760 57378 44334 55379 55193
50582 66167 52781 77124 49383
21212 11905 23026 22827 21010 33812 22007 44767 30510
55727 26510 66690 23502 77664 13010 88648 07011 99630
04015 11623 03014 22570 07510 33530 08013 44512 04511
55501 08011 66487 06015 77480 05515 88464 06511 99455
07512 11443 10516 22425 07519 33409 09022 44383 08028
55353 09532 66327 09042 77306 08541 88240 09542 99216
08045 11188 10537 22181 09534 33169 10050 44135 09553
55124 09047
31313 44108 81106 9////=








NNNN
